Ensembl_id                BasalPD39  	BasalPD36	  BasalPD33	  BasalPD30	  BasalPD27	  PDTrain21	  PDTrain17	   PDTrain13	  PDTrain09 	PDTrain05
ENSG00000116991	212.4901768	163.4934922	196.3438001	292.1170368	238.3215085	330.4426016	979.0368327	470.1611613	710.8642586	1130.255171
ENSG00000242114	42.67220764	25.54585815	35.34188401	32.87490768	18.73269499	92.46329679	79.09249522	86.00509047	81.49410699	85.68063394
ENSG00000134871	984.0733598	1025.921663	1298.814237	1640.927535	1371.649556	2303.245565	3787.889231	1917.50397	5433.595037	2791.001076
ENSG00000119125	89.69872218	29.63319546	23.56125601	45.08558767	78.05289581	6.821062878	11.75699253	4.914576599	16.69156408	5.468976635
ENSG00000047662	231.6491272	82.76858042	372.0715011	125.8639322	150.9022652	37.13689789	66.26668519	43.41209329	37.31055501	63.8047274
ENSG00000138411	47.89737592	82.76858042	59.88485902	48.84271998	41.6282111	117.4738607	134.6710054	119.5880306	124.6958023	80.21165731
ENSG00000187498	766.3580147	909.4325503	999.3899424	1388.260387	827.3606956	1813.64483	3496.102052	1438.332751	4477.266601	2178.475693
ENSG00000179044	27.86756417	18.39301787	41.23219801	53.53913536	32.2618636	61.3895659	87.64303525	64.70859188	108.9860949	60.15874298
ENSG00000078549	25.25498003	22.48035518	43.19563602	10.33211384	21.85481083	49.26323189	51.30324014	48.32666989	46.1472654	56.51275856
ENSG00000099308	231.6491272	227.8690547	359.3091541	205.7029937	430.8519849	66.69483703	87.64303525	46.68847769	81.49410699	61.98173519
ENSG00000101306	7280.40114	12419.3744	18562.34286	15761.17002	5540.714897	5723.62965	5659.388678	4172.475532	7250.029952	2933.194468
ENSG00000101695	24.38411865	19.4148522	24.54297501	8.453547688	21.85481083	47.74744014	59.85378017	40.13570889	42.21983856	32.81385981
ENSG00000155158	39.18876212	65.39739688	58.90314002	47.9034369	68.68654831	16.67370926	26.72043757	23.75378689	23.56456106	23.69889875
ENSG00000166592	1452.596782	3607.075171	3396.747741	1045.422064	1461.15021	1324.80199	1125.464831	1168.850134	968.1107168	736.4888535
ENSG00000229729	15.67550485	26.56769248	26.50641301	16.90709538	38.50609526	6.821062878	5.344087515	10.6482493	11.78228053	5.468976635
ENSG00000143994	68.79804905	41.89520737	72.64720603	73.26407997	20.81410555	110.6527978	110.0882028	150.7136824	175.7523512	109.3795327
ENSG00000128655	221.1987906	344.3581679	520.3110702	194.4315968	323.6593413	218.2740121	146.4279979	195.7639678	95.24010094	69.27370404
ENSG00000114812	12.19205933	23.5021895	33.37844601	39.44988921	35.38397943	75.03169165	49.16560514	58.97491918	56.94768922	36.45984423
ENSG00000127324	75.76494009	155.3188176	235.6125601	262.0599783	114.4775805	85.64223391	71.6107727	73.71864898	59.89325935	18.22992212
ENSG00000171840	118.4371477	129.7729594	98.17190003	88.29260919	104.0705277	131.8738823	430.7334537	167.0956044	232.7000404	366.4214345
ENSG00000138131	159.3676326	272.8297651	137.44066	229.1850707	138.4138019	87.15802566	73.74840771	74.53774508	50.07469225	41.92882087
ENSG00000121900	33.96359383	42.9170417	30.43328901	22.54279384	33.30256888	22.73687626	16.03226254	15.5628259	20.61899093	3.645984423
ENSG00000110697	119.3080091	111.3799416	153.1481641	132.4389138	160.2686127	392.5900634	579.2990866	480.8094106	449.6903735	271.6258395
ENSG00000139209	250.8080776	256.4804159	145.2944121	108.9568369	131.128865	67.4527329	66.26668519	72.89955288	122.7320888	20.05291433
ENSG00000138379	53.99340558	55.17905361	217.9416181	33.81419075	105.111233	31.07373089	43.82151762	29.48745959	13.74599395	14.58393769
ENSG00000173200	38.31790074	100.139764	34.36016501	33.81419075	17.69198972	25.01056388	18.16989755	13.1055376	20.61899093	5.468976635
ENSG00000120738	308.2849287	1154.672789	105.043933	602.080452	341.351331	134.1475699	79.09249522	95.01514757	124.6958023	87.50362615
ENSG00000109061	301281.4614	93483.53516	304581.265	101790.107	164507.4053	93334.11915	86810.42641	36225.34411	44008.78149	28969.16923
ENSG00000115592	1629.381643	959.5024323	1708.191061	711.976572	2799.497196	500.2112777	860.3980899	865.7845774	491.9102121	853.160355
ENSG00000188580	44.4139304	53.13538496	19.63438001	29.11777537	27.05833721	16.67370926	11.75699253	14.7437298	19.63713421	18.22992212
ENSG00000181322	60.96029663	23.5021895	60.86657802	15.02852922	104.0705277	17.43160513	20.30753256	19.65830639	7.854853686	25.52189096
ENSG00000170345	1038.066765	3641.817539	223.8319321	595.5054705	206.0596449	40.16848139	55.57851016	76.99503338	51.05654896	16.4069299
ENSG00000253389	38.31790074	142.0349713	142.3492551	77.02121227	123.843928	82.61065041	30.99570759	27.03017129	51.05654896	32.81385981
ENSG00000081181	28.73842555	57.22272227	194.3803621	107.0782707	90.54135914	39.41058552	20.30753256	22.93469079	16.69156408	9.114961058
ENSG00000089101	811.6428065	1008.55048	149.2212881	1020.061421	283.0718355	239.4950966	109.0193853	232.6232923	194.4076287	102.0875638
ENSG00000163710	66.18546491	45.98254468	20.61609901	57.29626767	62.44231665	15.91581338	13.89462754	13.9246337	32.40127145	12.76094548
ENSG00000185274	31.35100969	89.9214207	31.41500801	118.3496676	54.11667443	23.49477213	18.16989755	29.48745959	37.31055501	12.76094548
ENSG00000082684	4.354306902	17.37118355	24.54297501	11.27139692	7.284936942	15.91581338	49.16560514	24.57288299	102.1130979	30.9908676
ENSG00000162552	26.99670279	70.50656851	116.824561	29.11777537	63.48302192	12.126334	35.2709776	27.03017129	16.69156408	10.93795327
ENSG00000170525	1547.520673	2694.577118	2586.829566	5450.659693	1171.834142	642.6957022	1562.611189	937.0459381	738.3562465	599.7644376
ENSG00000198039	64.44374215	68.46289985	179.6545771	32.87490768	57.23879026	51.53691952	65.19786768	50.78395818	31.41941474	10.93795327
ENSG00000174938	13.93378209	10.21834326	16.68922301	5.635698459	8.325642219	32.58952264	30.99570759	24.57288299	42.21983856	20.05291433
ENSG00000171617	88.8278608	128.7511251	198.3072381	127.7424984	483.927954	41.68427314	66.26668519	62.25130358	59.89325935	69.27370404
ENSG00000120658	29.60928693	31.67686411	57.92142102	9.392830765	39.54680054	7.578958753	9.619357527	18.83921029	14.72785066	5.468976635
ENSG00000169885	1330.676189	2090.673031	1825.015622	854.7475996	964.7337922	103.8317349	86.57421774	208.0504093	463.4363675	734.6658613
ENSG00000180875	52.25168282	26.56769248	426.0660462	21.60351076	286.1939513	15.91581338	58.78496266	12.2864415	14.72785066	30.9908676
ENSG00000124107	54.86426696	29.63319546	2.945157001	16.90709538	26.01763194	19.70529276	3.206452509	13.9246337	7.854853686	1.822992212
ENSG00000237372	25.25498003	12.26201191	51.04938802	30.05705845	22.8955161	6.063167002	9.619357527	5.733672698	0.981856711	21.87590654
ENSG00000214970	108.8576725	33.72053276	196.3438001	31.9356246	145.6987388	13.64212576	55.57851016	38.49751669	32.40127145	18.22992212
ENSG00000124749	32.22187107	176.7773384	63.81173502	111.7746861	46.83173748	39.41058552	28.85807258	37.67842059	45.16540869	16.4069299
ENSG00000115226	13.93378209	3.065502979	24.54297501	17.84637845	32.2618636	20.46318863	25.65162007	15.5628259	27.4919879	80.21165731
ENSG00000156463	1306.292071	429.170417	1635.543855	583.2947905	1139.572279	607.0745961	553.6474666	468.5229691	344.6317055	315.3776526
ENSG00000065361	80.99010838	75.61574014	414.2854181	22.54279384	49.95385332	46.98954427	25.65162007	44.23118939	20.61899093	12.76094548
ENSG00000120129	2042.169937	5599.652107	1458.834435	2502.250116	1714.041592	1031.496286	758.8604271	842.8498866	806.1043595	612.5253831
ENSG00000179796	22.64239589	90.94325503	230.7039651	190.6744645	38.50609526	5.305271127	69.47313769	18.02011419	4.909283554	3.645984423
ENSG00000082293	26.12584141	52.11355064	31.41500801	16.90709538	22.8955161	11.36843813	13.89462754	13.9246337	3.927426843	7.291968846
ENSG00000110218	168.0762464	144.07864	220.8867751	222.6100891	862.744675	289.5162244	1107.294933	520.1260233	415.3253886	1046.397529
ENSG00000164089	7.837752423	3.065502979	14.72578501	30.99634152	23.93622138	28.80004326	34.2021601	46.68847769	32.40127145	47.3977975
ENSG00000164509	14.80464347	20.43668652	14.72578501	52.59985228	42.66891637	26.52635564	85.50540024	66.34678408	34.36498488	96.61858721
ENSG00000224609	35.7053166	27.58952681	40.25047901	12.21067999	135.2916861	11.36843813	7.481722521	20.47740249	3.927426843	23.69889875
ENSG00000101098	40.93048488	20.43668652	8.835471003	44.14630459	71.80866414	19.70529276	7.481722521	37.67842059	21.60084764	3.645984423
ENSG00000154096	26.99670279	22.48035518	35.34188401	30.05705845	79.09360108	61.3895659	99.40002778	78.63322558	266.0831686	94.795595
ENSG00000138755	6.966891043	35.76420142	31.41500801	16.90709538	10.40705277	31.83162676	29.92689008	4.914576599	42.21983856	71.09669625
ENSG00000162772	582.6062635	920.6727279	53.01282602	315.5991137	217.507403	28.80004326	183.8366105	63.88949578	61.85697278	82.03464952
ENSG00000140557	4.354306902	12.26201191	10.798909	13.14996307	36.42468471	12.126334	98.33121028	40.95480499	40.25612514	92.97260279
ENSG00000153234	134.983514	101.1615983	59.88485902	202.8851445	47.87244276	43.95796077	49.16560514	19.65830639	44.18355198	27.34488317
ENSG00000168542	635.7288077	1372.3235	1262.490634	2177.258171	3094.01679	1119.412208	2119.465108	1905.217528	7330.542202	1930.548752
ENSG00000171246	18.28808899	58.24455659	30.43328901	12.21067999	43.70962165	6.063167002	3.206452509	22.93469079	12.76413724	0
ENSG00000116690	37.44703936	34.74236709	6.872033002	29.11777537	156.1057916	12.126334	26.72043757	16.381922	16.69156408	34.63685202
ENSG00000265356	42.67220764	8.174674609	92.28158603	4.696415382	60.36090609	0.757895875	36.3397951	11.4673454	6.872996975	9.114961058
ENSG00000159388	11126.125	14452.82471	2098.915223	7069.044434	3031.574473	2473.772137	1720.79618	2317.222866	1972.550132	1899.557884
ENSG00000162783	2188.474649	4119.014169	480.0605912	1284.939249	1373.730966	526.7376333	484.1743289	979.6389353	455.5815138	450.2790763
ENSG00000184811	23.51325727	16.34934922	5.890314002	15.9678123	135.2916861	17.43160513	7.481722521	27.84926739	15.70970737	1.822992212
ENSG00000108821	495.5201254	980.9609531	772.6128533	1745.187956	3128.360064	723.7905609	1058.129328	1479.287556	6806.230719	1296.147462
ENSG00000248746	30136.15807	13379.89867	1781.819986	12891.66022	18857.57963	7472.85333	527.9958465	6048.205601	7248.066239	4956.715823
ENSG00000105650	552.9969765	377.0568664	179.6545771	126.8032153	143.6173283	109.8949019	114.3634728	182.6584302	206.1899093	34.63685202
ENSG00000259828	16.54636623	42.9170417	47.12251202	14.08924615	16.65128444	25.01056388	9.619357527	0	9.818567107	5.468976635
